SPL log data saved by REW V5.31.3
Note: room 2.23
Soundcard cal: 
Mic/meter cal: 
SPL cal offset: 120.0 dB
High Pass Filter: Off
Date: 19-Feb-2026 12:14:38
Start: 1771503278718
Log length: 166 entries over 30.8s
Log interval: 0.18575963718820862 seconds

Time[s] LCS LCSMin LCSMax LZpeak LCeq LCE LCeq1m LCeq10m Time of day
0.186 77.8 77.8 77.8 93.2 78.2 70.9 78.2 78.2 12:14:38.186
0.372 77.7 77.7 77.8 93.2 77.4 73.1 77.4 77.4 12:14:38.372
0.557 77.5 77.5 77.8 93.2 76.6 74.1 76.6 76.6 12:14:38.557
0.743 77.9 77.5 78.0 103.0 78.9 77.6 78.9 78.9 12:14:38.743
0.929 79.8 77.5 79.8 103.0 84.7 84.3 84.7 84.7 12:14:38.929
1.115 79.6 77.5 79.8 103.0 84.0 84.5 84.0 84.0 12:14:39.115
1.300 79.3 77.5 79.8 103.0 83.4 84.6 83.4 83.4 12:14:39.300
1.486 79.1 77.5 79.8 103.0 83.0 84.7 83.0 83.0 12:14:39.486
1.672 79.2 77.5 79.8 103.0 82.7 85.0 82.7 82.7 12:14:39.672
1.858 78.9 77.5 79.8 103.0 82.4 85.1 82.4 82.4 12:14:39.858
2.043 78.8 77.5 79.8 103.0 82.1 85.2 82.1 82.1 12:14:40.043
2.229 78.6 77.5 79.8 103.0 81.8 85.3 81.8 81.8 12:14:40.229
2.415 78.6 77.5 79.8 103.0 81.6 85.5 81.6 81.6 12:14:40.415
2.601 78.4 77.5 79.8 103.0 81.4 85.6 81.4 81.4 12:14:40.601
2.786 78.1 77.5 79.8 103.0 81.2 85.6 81.2 81.2 12:14:40.786
2.972 77.9 77.5 79.8 103.0 81.0 85.7 81.0 81.0 12:14:40.972
3.158 77.7 77.5 79.8 103.0 80.8 85.8 80.8 80.8 12:14:41.158
3.344 78.0 77.5 79.8 103.0 80.8 86.0 80.8 80.8 12:14:41.344
3.529 77.9 77.5 79.8 103.0 80.6 86.1 80.6 80.6 12:14:41.529
3.715 77.8 77.5 79.8 103.0 80.5 86.2 80.5 80.5 12:14:41.715
3.901 77.8 77.5 79.8 103.0 80.4 86.3 80.4 80.4 12:14:41.901
4.087 77.9 77.5 79.8 103.0 80.4 86.5 80.4 80.4 12:14:42.087
4.272 78.0 77.5 79.8 103.0 80.3 86.6 80.3 80.3 12:14:42.272
4.458 78.1 77.5 79.8 103.0 80.3 86.8 80.3 80.3 12:14:42.458
4.644 78.3 77.5 79.8 103.0 80.2 86.9 80.2 80.2 12:14:42.644
4.830 78.3 77.5 79.8 103.0 80.2 87.0 80.2 80.2 12:14:42.830
5.016 78.4 77.5 79.8 103.0 80.1 87.2 80.1 80.1 12:14:43.016
5.201 78.3 77.5 79.8 103.0 80.1 87.2 80.1 80.1 12:14:43.201
5.387 78.0 77.5 79.8 103.0 80.0 87.3 80.0 80.0 12:14:43.387
5.573 78.0 77.5 79.8 103.0 79.9 87.4 79.9 79.9 12:14:43.573
5.759 77.9 77.5 79.8 103.0 79.8 87.4 79.8 79.8 12:14:43.759
5.944 77.8 77.5 79.8 103.0 79.8 87.5 79.8 79.8 12:14:43.944
6.130 78.0 77.5 79.8 103.0 79.8 87.6 79.8 79.8 12:14:44.130
6.316 77.9 77.5 79.8 103.0 79.7 87.7 79.7 79.7 12:14:44.316
6.502 78.0 77.5 79.8 103.0 79.7 87.8 79.7 79.7 12:14:44.502
6.687 78.1 77.5 79.8 103.0 79.7 87.9 79.7 79.7 12:14:44.687
6.873 78.1 77.5 79.8 103.0 79.6 88.0 79.6 79.6 12:14:44.873
7.059 78.2 77.5 79.8 103.0 79.6 88.1 79.6 79.6 12:14:45.059
7.245 78.1 77.5 79.8 103.0 79.6 88.2 79.6 79.6 12:14:45.245
7.430 78.1 77.5 79.8 103.0 79.5 88.3 79.5 79.5 12:14:45.430
7.616 77.8 77.5 79.8 103.0 79.5 88.3 79.5 79.5 12:14:45.616
7.802 77.6 77.5 79.8 103.0 79.4 88.3 79.4 79.4 12:14:45.802
7.988 77.6 77.5 79.8 103.0 79.4 88.4 79.4 79.4 12:14:45.988
8.173 77.7 77.5 79.8 103.0 79.4 88.5 79.4 79.4 12:14:46.173
8.359 77.8 77.5 79.8 103.0 79.3 88.6 79.3 79.3 12:14:46.359
8.545 77.8 77.5 79.8 103.0 79.3 88.6 79.3 79.3 12:14:46.545
8.731 77.8 77.5 79.8 103.0 79.3 88.7 79.3 79.3 12:14:46.731
8.916 77.9 77.5 79.8 103.0 79.3 88.8 79.3 79.3 12:14:46.916
9.102 77.9 77.5 79.8 103.0 79.3 88.9 79.3 79.3 12:14:47.102
9.288 78.0 77.5 79.8 103.0 79.2 88.9 79.2 79.2 12:14:47.288
9.474 78.0 77.5 79.8 103.0 79.2 89.0 79.2 79.2 12:14:47.474
9.660 78.1 77.5 79.8 103.0 79.2 89.1 79.2 79.2 12:14:47.660
9.845 78.1 77.5 79.8 103.0 79.2 89.1 79.2 79.2 12:14:47.845
10.031 78.1 77.5 79.8 103.0 79.2 89.2 79.2 79.2 12:14:48.031
10.217 78.2 77.5 79.8 103.0 79.2 89.3 79.2 79.2 12:14:48.217
10.403 78.2 77.5 79.8 103.0 79.2 89.3 79.2 79.2 12:14:48.403
10.588 78.3 77.5 79.8 103.0 79.2 89.4 79.2 79.2 12:14:48.588
10.774 78.3 77.5 79.8 103.0 79.2 89.5 79.2 79.2 12:14:48.774
10.960 78.4 77.5 79.8 103.0 79.2 89.6 79.2 79.2 12:14:48.960
11.146 78.5 77.5 79.8 103.0 79.2 89.6 79.2 79.2 12:14:49.146
11.331 78.5 77.5 79.8 103.0 79.2 89.7 79.2 79.2 12:14:49.331
11.517 78.5 77.5 79.8 103.0 79.2 89.8 79.2 79.2 12:14:49.517
11.703 78.5 77.5 79.8 103.0 79.1 89.8 79.1 79.1 12:14:49.703
11.889 78.5 77.5 79.8 103.0 79.1 89.9 79.1 79.1 12:14:49.889
12.074 78.5 77.5 79.8 103.0 79.1 89.9 79.1 79.1 12:14:50.074
12.260 78.4 77.5 79.8 103.0 79.1 90.0 79.1 79.1 12:14:50.260
12.446 78.4 77.5 79.8 103.0 79.1 90.0 79.1 79.1 12:14:50.446
12.632 78.4 77.5 79.8 103.0 79.1 90.1 79.1 79.1 12:14:50.632
12.817 78.4 77.5 79.8 103.0 79.1 90.1 79.1 79.1 12:14:50.817
13.003 78.4 77.5 79.8 103.0 79.1 90.2 79.1 79.1 12:14:51.003
13.189 78.4 77.5 79.8 103.0 79.1 90.3 79.1 79.1 12:14:51.189
13.375 78.4 77.5 79.8 103.0 79.0 90.3 79.0 79.0 12:14:51.375
13.560 78.3 77.5 79.8 103.0 79.0 90.4 79.0 79.0 12:14:51.560
13.746 78.4 77.5 79.8 103.0 79.0 90.4 79.0 79.0 12:14:51.746
13.932 78.4 77.5 79.8 103.0 79.0 90.5 79.0 79.0 12:14:51.932
14.118 78.4 77.5 79.8 103.0 79.0 90.5 79.0 79.0 12:14:52.118
14.303 78.5 77.5 79.8 103.0 79.0 90.6 79.0 79.0 12:14:52.303
14.489 78.3 77.5 79.8 103.0 79.0 90.6 79.0 79.0 12:14:52.489
14.675 78.1 77.5 79.8 103.0 79.0 90.6 79.0 79.0 12:14:52.675
14.861 77.8 77.5 79.8 103.0 78.9 90.7 78.9 78.9 12:14:52.861
15.047 77.6 77.5 79.8 103.0 78.9 90.7 78.9 78.9 12:14:53.047
15.232 77.4 77.4 79.8 103.0 78.9 90.7 78.9 78.9 12:14:53.232
15.418 77.2 77.2 79.8 103.0 78.8 90.7 78.8 78.8 12:14:53.418
15.604 77.0 77.0 79.8 103.0 78.8 90.7 78.8 78.8 12:14:53.604
15.790 77.0 77.0 79.8 103.0 78.8 90.8 78.8 78.8 12:14:53.790
15.975 77.1 77.0 79.8 103.0 78.8 90.8 78.8 78.8 12:14:53.975
16.161 77.2 77.0 79.8 103.0 78.8 90.9 78.8 78.8 12:14:54.161
16.347 77.4 77.0 79.8 103.0 78.8 90.9 78.8 78.8 12:14:54.347
16.533 77.5 77.0 79.8 103.0 78.8 91.0 78.8 78.8 12:14:54.533
16.718 77.7 77.0 79.8 103.0 78.8 91.0 78.8 78.8 12:14:54.718
16.904 77.8 77.0 79.8 103.0 78.8 91.1 78.8 78.8 12:14:54.904
17.090 77.8 77.0 79.8 103.0 78.8 91.1 78.8 78.8 12:14:55.090
17.276 77.9 77.0 79.8 103.0 78.8 91.2 78.8 78.8 12:14:55.276
17.461 78.0 77.0 79.8 103.0 78.8 91.2 78.8 78.8 12:14:55.461
17.647 78.1 77.0 79.8 103.0 78.8 91.2 78.8 78.8 12:14:55.647
17.833 78.1 77.0 79.8 103.0 78.8 91.3 78.8 78.8 12:14:55.833
18.019 78.1 77.0 79.8 103.0 78.8 91.3 78.8 78.8 12:14:56.019
18.204 78.2 77.0 79.8 103.0 78.8 91.4 78.8 78.8 12:14:56.204
18.390 78.2 77.0 79.8 103.0 78.8 91.4 78.8 78.8 12:14:56.390
18.576 78.3 77.0 79.8 103.0 78.8 91.5 78.8 78.8 12:14:56.576
18.762 78.3 77.0 79.8 103.0 78.8 91.5 78.8 78.8 12:14:56.762
18.947 78.1 77.0 79.8 103.0 78.8 91.5 78.8 78.8 12:14:56.947
19.133 78.2 77.0 79.8 103.0 78.7 91.6 78.7 78.7 12:14:57.133
19.319 78.0 77.0 79.8 103.0 78.7 91.6 78.7 78.7 12:14:57.319
19.505 77.8 77.0 79.8 103.0 78.7 91.6 78.7 78.7 12:14:57.505
19.691 77.5 77.0 79.8 103.0 78.7 91.6 78.7 78.7 12:14:57.691
19.876 77.4 77.0 79.8 103.0 78.7 91.6 78.7 78.7 12:14:57.876
20.062 77.6 77.0 79.8 103.0 78.7 91.7 78.7 78.7 12:14:58.062
20.248 77.7 77.0 79.8 103.0 78.7 91.7 78.7 78.7 12:14:58.248
20.434 77.8 77.0 79.8 103.0 78.7 91.8 78.7 78.7 12:14:58.434
20.619 77.9 77.0 79.8 103.0 78.7 91.8 78.7 78.7 12:14:58.619
20.805 78.0 77.0 79.8 103.0 78.7 91.9 78.7 78.7 12:14:58.805
20.991 78.0 77.0 79.8 103.0 78.7 91.9 78.7 78.7 12:14:58.991
21.177 78.0 77.0 79.8 103.0 78.7 91.9 78.7 78.7 12:14:59.177
21.362 77.9 77.0 79.8 103.0 78.7 92.0 78.7 78.7 12:14:59.362
21.548 77.8 77.0 79.8 103.0 78.6 92.0 78.6 78.6 12:14:59.548
21.734 77.7 77.0 79.8 103.0 78.6 92.0 78.6 78.6 12:14:59.734
21.920 77.5 77.0 79.8 103.0 78.6 92.0 78.6 78.6 12:14:59.920
22.105 77.3 77.0 79.8 103.0 78.6 92.0 78.6 78.6 12:15:00.105
22.291 77.2 77.0 79.8 103.0 78.6 92.1 78.6 78.6 12:15:00.291
22.477 77.4 77.0 79.8 103.0 78.6 92.1 78.6 78.6 12:15:00.477
22.663 77.5 77.0 79.8 103.0 78.6 92.1 78.6 78.6 12:15:00.663
22.848 77.6 77.0 79.8 103.0 78.6 92.2 78.6 78.6 12:15:00.848
23.034 77.8 77.0 79.8 103.0 78.6 92.2 78.6 78.6 12:15:01.034
23.220 77.9 77.0 79.8 103.0 78.6 92.2 78.6 78.6 12:15:01.220
23.406 78.0 77.0 79.8 103.0 78.6 92.3 78.6 78.6 12:15:01.406
23.591 78.1 77.0 79.8 103.0 78.6 92.3 78.6 78.6 12:15:01.591
23.777 78.1 77.0 79.8 103.0 78.6 92.4 78.6 78.6 12:15:01.777
23.963 78.3 77.0 79.8 103.0 78.6 92.4 78.6 78.6 12:15:01.963
24.149 78.3 77.0 79.8 103.0 78.6 92.4 78.6 78.6 12:15:02.149
24.335 78.4 77.0 79.8 103.0 78.6 92.5 78.6 78.6 12:15:02.335
24.520 78.5 77.0 79.8 103.0 78.6 92.5 78.6 78.6 12:15:02.520
24.706 78.6 77.0 79.8 103.0 78.6 92.6 78.6 78.6 12:15:02.706
24.892 78.8 77.0 79.8 103.0 78.6 92.6 78.6 78.6 12:15:02.892
25.078 78.9 77.0 79.8 103.0 78.7 92.6 78.7 78.7 12:15:03.078
25.263 79.0 77.0 79.8 103.0 78.7 92.7 78.7 78.7 12:15:03.263
25.449 79.0 77.0 79.8 103.0 78.7 92.7 78.7 78.7 12:15:03.449
25.635 79.1 77.0 79.8 103.0 78.7 92.8 78.7 78.7 12:15:03.635
25.821 79.1 77.0 79.8 103.0 78.7 92.8 78.7 78.7 12:15:03.821
26.006 79.2 77.0 79.8 103.0 78.7 92.8 78.7 78.7 12:15:04.006
26.192 79.2 77.0 79.8 103.0 78.7 92.9 78.7 78.7 12:15:04.192
26.378 79.2 77.0 79.8 103.0 78.7 92.9 78.7 78.7 12:15:04.378
26.564 79.2 77.0 79.8 103.0 78.7 92.9 78.7 78.7 12:15:04.564
26.749 79.1 77.0 79.8 103.0 78.7 93.0 78.7 78.7 12:15:04.749
26.935 78.9 77.0 79.8 103.0 78.7 93.0 78.7 78.7 12:15:04.935
27.121 78.5 77.0 79.8 103.0 78.7 93.0 78.7 78.7 12:15:05.121
27.307 78.4 77.0 79.8 103.0 78.7 93.0 78.7 78.7 12:15:05.307
27.492 78.4 77.0 79.8 103.0 78.7 93.1 78.7 78.7 12:15:05.492
27.678 78.5 77.0 79.8 103.0 78.7 93.1 78.7 78.7 12:15:05.678
27.864 78.6 77.0 79.8 103.0 78.7 93.1 78.7 78.7 12:15:05.864
28.050 78.5 77.0 79.8 103.0 78.7 93.1 78.7 78.7 12:15:06.050
28.235 78.5 77.0 79.8 103.0 78.7 93.2 78.7 78.7 12:15:06.235
28.421 78.5 77.0 79.8 103.0 78.7 93.2 78.7 78.7 12:15:06.421
28.607 78.5 77.0 79.8 103.0 78.7 93.2 78.7 78.7 12:15:06.607
28.793 78.5 77.0 79.8 103.0 78.7 93.3 78.7 78.7 12:15:06.793
28.979 78.6 77.0 79.8 103.0 78.7 93.3 78.7 78.7 12:15:06.979
29.164 78.6 77.0 79.8 103.0 78.7 93.3 78.7 78.7 12:15:07.164
29.350 78.6 77.0 79.8 103.0 78.7 93.3 78.7 78.7 12:15:07.350
29.536 79.3 77.0 79.8 106.8 78.8 93.5 78.8 78.8 12:15:07.536
29.722 82.2 77.0 82.2 106.8 79.7 94.5 79.7 79.7 12:15:07.722
29.907 82.0 77.0 82.2 106.8 79.7 94.5 79.7 79.7 12:15:07.907
30.093 82.1 77.0 82.2 106.8 79.8 94.6 79.8 79.8 12:15:08.093
30.279 82.0 77.0 82.2 106.8 79.8 94.6 79.8 79.8 12:15:08.279
30.465 82.4 77.0 82.4 106.8 79.9 94.7 79.9 79.9 12:15:08.465
30.650 82.3 77.0 82.4 106.8 79.9 94.7 79.9 79.9 12:15:08.650
30.836 82.6 77.0 82.6 106.8 80.0 94.8 80.0 80.0 12:15:08.836

